6.883937272190085443e-02
5.602416239985197333e-01
3.243537450218448304e-01
5.848447829111190488e-02
4.175517631427106968e-01
1.239023807567079111e-01
9.872933054100156980e-01
2.519612509135564782e-01
4.193340659262360243e-02
2.304127210724680186e-01
8.128857749990608950e-01
6.210078789622217738e-02
1.540195478206458357e-01
2.117166513048779064e-01
8.635066076855517636e-01
5.148282265251161866e-02
2.490627124570498063e-01
4.584875785217669142e-01
8.721957239096181924e-01
1.621044780415445974e-01
2.106486045220895276e-01
3.454002193711535468e-02
2.882705238518092350e-01
5.169235313706292967e-01
1.162629711705089330e-01
3.715151804920883705e-01
2.952958704905690457e-01
2.485324575056260116e-02
2.175873285120870013e-02
1.384153359172602127e-01
3.369385957066958065e-02
8.888053277546564823e-02
3.196613427152862619e-02
2.665703443298296227e-01
8.088768495802259872e-01
4.777425571715205876e-01
6.244027967651541444e-02
7.427454205485541916e-01
1.283801225900419452e-01
4.311938944833200449e-02
2.877462502924831300e-01
6.862624637447335418e-01
8.814429929952095899e-02
9.594477591390301874e-02
7.572640015444283002e-01
3.472130695899875580e-02
2.258390393794534601e-01
7.910966305587806280e-02
6.193535640963265809e-02
3.649412180473802780e-01
9.452745880556391311e-01
2.546063673622524504e-01
8.967044614478917319e-01
5.992444832232901586e-01
6.328756586138575280e-01
9.332731042839004232e-01
4.622048027975221851e-01
4.023340062650376248e-01
6.403028259088129337e-01
8.162532757289404639e-01
8.167173501458343532e-01
7.061522998874835144e-01
1.867620570345352171e-01
9.125370429465667899e-01
8.545579620364822659e-01
7.976761831496921307e-01
7.882652657760816917e-01
8.869606653396258089e-01
4.725732048558301535e-01
8.451869202898146805e-01
9.642785741984862824e-01
3.772555961944621394e-01
6.645312261205991167e-01
5.553966726827976874e-01
7.811332493201127436e-01
9.052159131313419760e-01
8.830093959024402084e-01
6.446565862441951955e-01
9.507066988048293865e-01
3.103460926138636999e-01
1.659922431925725250e-01
9.924846098399421335e-01
8.283642094570994319e-01
9.169060653881595524e-01
6.180552885921333228e-01
8.433156151845171422e-01
8.267252943901908235e-01
6.781729877784858918e-01
7.441550823592966157e-01
9.697712341815527548e-01
3.006864592199104957e-01
6.045700836567254877e-01
5.720228145250314533e-01
6.429795392108864638e-01
7.547487765921457870e-01
6.889427896822279962e-01
7.382742697227886453e-01
7.189431605869577302e-01
9.430509415648383742e-01
5.091865690887614759e-01
