1.848306893780242988e-01
1.192450720634082445e-01
1.189712929491869992e-01
1.211500653827106422e-01
9.467679615567088369e-01
9.174531328984787404e-01
3.078596142630972143e-01
9.128486165392973514e-03
2.257177104594697836e-01
1.869369193967630738e-01
1.696035565707871007e-01
1.180880901474082034e-01
8.282027591121146060e-01
9.060882433036182571e-02
8.550646715511771578e-01
3.836658433300591670e-02
2.879826077937056028e-01
1.517927009833683616e-01
2.689205888778690157e-01
6.145884920302772253e-02
1.429994316902480356e-01
2.214818521096809378e-01
1.207313504432914741e-01
4.368658930077158609e-02
2.179432525311122137e-01
2.188780971228498906e-01
3.747429602706343066e-01
9.524493890575802535e-02
9.641411146109177266e-02
1.135007819455975675e-01
4.103868992253473791e-01
5.778125545351329162e-01
6.733223636827462277e-02
1.820762115212609944e-01
7.256597699452757566e-02
2.904645814219325994e-01
3.636137762747836955e-01
2.802502511413160757e-01
1.026729874708122159e-01
1.749777607179148556e-02
2.265624627102295896e-01
6.747018088376018075e-02
2.002202322923618272e-01
3.132809662606837464e-01
8.817433075682973298e-02
2.200508297993059026e-01
2.528357819551938501e-01
3.614023538979873468e-02
1.414444893343291820e-01
1.551589317912080435e-01
9.328551289882011099e-01
7.366555390631306377e-01
7.835301566609523816e-01
8.623647513262207021e-01
5.896458689607454451e-01
8.485572502130921402e-01
9.129889411090916784e-01
6.715611693869896204e-01
6.505000945937837731e-01
9.569874909625067927e-01
8.985210274633923522e-01
4.193474059242899288e-01
9.779993334920199510e-01
6.778968996109350220e-01
5.147011927578282187e-01
9.799013148168054244e-01
9.536337851019004441e-01
8.127704321897630813e-01
9.030667569405498307e-01
4.248884043880197248e-01
6.252247593330088060e-01
4.761907478278694095e-01
3.454961967297796033e-01
9.851965884042056532e-01
2.578541695526707644e-01
8.494738723163920424e-01
8.250470913467063960e-01
7.255325389972322458e-01
8.268815094811064748e-02
7.655216678135738917e-01
7.584590954516280403e-01
8.919152259858220688e-01
8.956204013609360137e-01
9.635357530538806170e-01
7.657068368156245697e-01
9.554915251733808734e-01
9.957761445775151765e-01
4.074284287812937611e-01
9.813931154087276454e-01
8.999501103416948089e-01
7.374370200581817913e-01
4.914270057263273594e-01
5.685515870484443290e-01
8.607610299618264627e-01
2.179965721502826748e-01
9.490646173230831151e-01
8.922801692024200371e-01
6.728473112913673226e-01
8.266722101639311093e-01
9.794470916086714940e-01
