1.850878343213000210e-01
1.221653414875715493e-01
1.208717006935092209e-01
1.229296133808645830e-01
9.454782999085828976e-01
9.166071101351284112e-01
3.094428652289388793e-01
9.379601481779692093e-03
2.276440503727088782e-01
1.894044486577077524e-01
1.698324832893691738e-01
1.204941387852134504e-01
8.264619250770565140e-01
9.186386547889133225e-02
8.515503475195560501e-01
3.992138625798225676e-02
2.917089240421275043e-01
1.511359476529663959e-01
2.709638080050493780e-01
6.279658662551033943e-02
1.451688186677858872e-01
2.210532889228961628e-01
1.218152093424016008e-01
4.463052777320108272e-02
2.214020705389050936e-01
2.224015235398602020e-01
3.786429232226570796e-01
9.813244680840256529e-02
9.852274546900266494e-02
1.151376030771371906e-01
4.122859349907897486e-01
5.835317267726749524e-01
7.020242647506255707e-02
1.850112437710028090e-01
7.397431014017112616e-02
2.901412022309303729e-01
3.640799568943441367e-01
2.809171270891640537e-01
1.039549902562286188e-01
1.821554789515336323e-02
2.286161398180148463e-01
6.816305719481691172e-02
2.029759181273870505e-01
3.156777108876804849e-01
8.917601011606947348e-02
2.237944264360416935e-01
2.562903690354039199e-01
3.700475816296311393e-02
1.411332360232963323e-01
1.569300074419398006e-01
9.317175664121762901e-01
7.358021476147509343e-01
7.832409421276436134e-01
8.591788277107487160e-01
5.865595279316370148e-01
8.450166107665074700e-01
9.095765702044775747e-01
6.674869348265821678e-01
6.506842887828556687e-01
9.565423232639170825e-01
8.961208084743212954e-01
4.227324500678333874e-01
9.772996845751764639e-01
6.752291803763610378e-01
5.098895091048049055e-01
9.794310143765947441e-01
9.523963643540960256e-01
8.125003794784804168e-01
9.021016319230801273e-01
4.217247385164645812e-01
6.251807366716338743e-01
4.783950554364178043e-01
3.510140104797224714e-01
9.847663321533317582e-01
2.575960788662950973e-01
8.465390860348857016e-01
8.243746435292307329e-01
7.248345245035002771e-01
8.397693760241851935e-02
7.631696134208296733e-01
7.534080449043298877e-01
8.902487555992270041e-01
8.930380930794654670e-01
9.624429141989873093e-01
7.665248071464632051e-01
9.547368652541807776e-01
9.955828280552085907e-01
4.096096274640123047e-01
9.809043669653656483e-01
8.974935734170569335e-01
7.352504495979499399e-01
4.907135892261420551e-01
5.643647242542481068e-01
8.608924952539338538e-01
2.191449198942724830e-01
9.476787157065822420e-01
8.909776726825994198e-01
6.731338484286937263e-01
8.273248173402619754e-01
9.787684595532418763e-01
