8.400988616752406990e-02
4.128291344912706218e-01
2.119255416094651678e-01
6.143666142112617912e-02
4.316130028866667079e-01
1.892782608170541503e-01
9.996453424025174561e-01
1.701286516052781528e-01
4.515199817468593113e-02
3.194233706748722534e-01
8.112730696457371993e-01
6.285316257226178371e-02
2.776667178256074786e-01
1.718215054956882815e-01
9.387590801032740240e-01
6.152830231556312424e-02
2.135057940105107299e-01
3.053477541704749387e-01
7.764288926893651022e-01
1.797757328256678055e-01
2.535330776405897435e-01
4.596598394170268997e-02
1.909015706462341144e-01
3.625230626339280837e-01
1.159523547152576245e-01
3.032682040710086846e-01
4.169946235392503198e-01
3.640214634467244664e-02
3.276262607996135306e-02
1.250198918651380109e-01
4.881640731549957007e-02
8.187878203993975701e-02
4.173337256357310954e-02
2.281963485523812729e-01
7.361402740072687800e-01
3.599575070805084986e-01
7.443387387449068582e-02
4.662720694243495112e-01
1.010373542430166860e-01
4.909394468053929206e-02
2.395151514730526066e-01
4.267966083234060459e-01
7.969394694257457556e-02
9.602763362853988793e-02
9.142754750166287581e-01
4.387730251009606258e-02
1.644772425915258518e-01
8.686831324851661262e-02
7.187897010984820034e-02
2.408323481736430460e-01
9.997956029226964247e-01
1.933278392410203161e-01
9.996706339744649839e-01
3.896026503593608137e-01
8.516514546821104537e-01
8.967475649399146986e-01
7.200492885749167904e-01
6.051663018511890257e-01
6.427019846300464634e-01
9.496319140523169500e-01
8.274665149193659586e-01
8.429345394225720156e-01
1.821024283107498254e-01
8.806577865436205910e-01
9.643823196660867847e-01
6.514169846886560533e-01
8.287895957594497709e-01
9.985997445395915495e-01
3.794125929316871648e-01
9.481578739024579816e-01
9.773839302250831862e-01
3.118832616558546156e-01
6.300167505798829337e-01
4.262692035087978781e-01
8.019705619599671875e-01
9.912548377756240647e-01
7.102480296876003685e-01
4.702872042700234068e-01
9.819721318711688296e-01
2.499565319080003234e-01
1.603311166367717977e-01
9.998593061249743119e-01
9.680927763957968279e-01
9.342612962411264155e-01
5.085589081536675549e-01
8.778897088214820954e-01
8.045848276467213456e-01
6.497357791651062753e-01
7.524009870202815753e-01
9.999450487332447457e-01
2.343703727170542150e-01
7.145592752771514622e-01
6.951730305821480771e-01
8.040065252190734535e-01
8.352596212238626583e-01
5.221162003144240726e-01
5.030835090085030714e-01
7.231936978636354096e-01
9.979349223471027930e-01
4.143035913648853152e-01
