9.676445041504658562e+00
7.146464926360172498e+00
1.172536520486350753e+01
7.302214266322922143e+00
1.755012617553797938e+01
6.232564738243947744e+00
7.631963254515866879e+00
8.099406893632048465e+00
8.733113388836422075e+00
6.341670660187354258e+00
5.431156667826389395e+00
6.733809554774379258e+00
8.225758517102690348e+00
9.494578501697040096e+00
9.050460570576875696e+00
9.575690689766068076e+00
8.682078551782934639e+00
1.243324394363128249e+01
9.091738632184307889e+00
9.493809923843661736e+00
7.455358790365069765e+00
1.109865870498830809e+01
8.364930143447852018e+00
6.975990101223738193e+00
6.057226694640426068e+00
5.821462255582372514e+00
1.475110917746941475e+01
6.113378922393724935e+00
1.406873889786703913e+01
5.400060487413327337e+00
9.747159751889329371e+00
7.945079438623151802e+00
7.622628104989513709e+00
1.113092917536819471e+01
1.038031939984393404e+01
1.254416845245266998e+01
8.394477020577459925e+00
6.808598572608349997e+00
1.021494801816341358e+01
5.727297518574733459e+00
4.683303287517020408e+00
1.250698429339066919e+01
6.612010308742375386e+00
8.725847162816751990e+00
1.504264265803108280e+01
1.028109230686982123e+01
1.005120303823497885e+01
7.425697437113313093e+00
8.150192147339851090e+00
1.188082815765387856e+01
7.619236378675233290e+00
9.072964697338059992e+00
9.973539574511610439e+00
6.374717625532995591e+00
1.348428818631768777e+01
7.652200800009874904e+00
6.844657583271515300e+00
1.019543950304258217e+01
9.553586238170812095e+00
9.887812408447878454e+00
7.263225780230192719e+00
7.928974294553509772e+00
1.391920748607433289e+01
6.569524118798567791e+00
1.618803568623747324e+01
6.468936750319641327e+00
8.416936108619037071e+00
5.671799689932244704e+00
1.304827726700861668e+01
8.376206021872022234e+00
5.720236499826831356e+00
1.413084495449898981e+01
7.905224587301896477e+00
1.040184402992650270e+01
1.305492765529915822e+01
1.367453435587489885e+01
5.901216145024288373e+00
1.216897417284495653e+01
7.016535926697341274e+00
7.003795515708128860e+00
1.086474359482660468e+01
1.103223480363237385e+01
1.488710997265927638e+01
4.903930834077146805e+00
4.896920444522755211e+00
7.892949031601121490e+00
1.979227367348041966e+01
4.032757172671058044e+00
1.569427600733785688e+01
9.162122618228167426e+00
6.060163975061169772e+00
7.003111794998302386e+00
7.686032954710928067e+00
5.909570798333095176e+00
1.495805008511235101e+01
7.342531828286411155e+00
9.141752216665832265e+00
9.042461426406440239e+00
8.807979377364491214e+00
1.534917779883499733e+01
9.916797948653863770e+00
1.765737083409630515e+01
1.102638839684247252e+01
1.211998335020021855e+01
9.223906277719692071e+00
4.303881876495046832e+00
8.819935635373866489e+00
6.832906464687115822e+00
8.575251961915702381e+00
1.024493406130724615e+01
7.981723768025434040e+00
1.005187800124979880e+01
6.293237586874925960e+00
9.888074717309688566e+00
1.326183033088642738e+01
1.754796182016686856e+01
1.368348182272584879e+01
1.201485428903801278e+01
7.746657783689211207e+00
9.833659121072388487e+00
9.133382156505001959e+00
1.103393655237542248e+01
6.008250659181592290e+00
8.886071168289003452e+00
6.134297308871000887e+00
1.286692810495918593e+01
1.236702829281562899e+01
1.361897366549738742e+01
9.113337578615949397e+00
7.469673668694216673e+00
5.126961133758593192e+00
6.222990200500851721e+00
6.001749955295678340e+00
1.478834126842180829e+01
9.485216637256044692e+00
1.271855034286599029e+01
1.675116543928880120e+01
7.088445307606961343e+00
1.023099226256623240e+01
1.209974964669643960e+01
1.344402576034561925e+01
1.036827187431291897e+01
1.448875891323626597e+01
1.049881318420927379e+01
1.763912340962606606e+01
9.400662677613484064e+00
1.526171236350715610e+01
1.209933769815264526e+01
5.408128951154300701e+00
8.851752477847195877e+00
8.397988669411184048e+00
9.006819461229461865e+00
1.502548209509633637e+01
1.246160274991818717e+01
1.197992953516184578e+01
6.832480627153084463e+00
7.592028294439201019e+00
7.964374191815486448e+00
4.936643140727498213e+00
5.299843235190829560e+00
4.706006523696668609e+00
9.144251499286253804e+00
9.030643428261866390e+00
8.123773008180252830e+00
7.406012077725684151e+00
1.144856272455733937e+01
1.471146765845219306e+01
7.786332759379459567e+00
1.115360993284328650e+01
1.075982079596298391e+01
1.532550723902982348e+01
9.992076336692296223e+00
5.324373081602913338e+00
1.146701517831433215e+01
1.580285033733355604e+01
5.938507962728001743e+00
1.654719668657362419e+01
1.279877724417286622e+01
6.135749088746136337e+00
9.203943900044054161e+00
1.487524103710373247e+01
1.393817982634900865e+01
1.023990574920962082e+01
6.642919716738978408e+00
9.961671588453828718e+00
8.779936590645942118e+00
9.053456469187453948e+00
8.438760909567276869e+00
7.882390706172503592e+00
5.367616157725732862e+00
1.027639725897589607e+01
1.363472764270620097e+01
6.872367253825848898e+00
5.882869813831722361e+00
6.590086077083481264e+00
6.944625948827883199e+00
1.230925729250909662e+01
1.140348178314212113e+01
1.134664256740339816e+01
1.280199788183855247e+01
5.638574146385484376e+00
4.329675211348002151e+00
5.709857916255833388e+00
8.855972465288509454e+00
9.007321011538222066e+00
6.818220029101488500e+00
9.949873021459204381e+00
7.038136991155369948e+00
7.609826792066523460e+00
6.796594346773192186e+00
1.032111538396245187e+01
5.819534418962546418e+00
6.837575310207295587e+00
7.760263273538184237e+00
4.984120822830401032e+00
8.976287300688643001e+00
4.967669614953056367e+00
8.430057284376609061e+00
5.224283441138888762e+00
6.637515361665374591e+00
9.222721829572444463e+00
1.413866242195334522e+01
1.221598398104259964e+01
8.427162033668563978e+00
7.526825300741017521e+00
1.106171855643657409e+01
1.145937792977842307e+01
8.269443453889335771e+00
6.297880991842284892e+00
1.093267140472125476e+01
8.697229458627122156e+00
6.470322705796399454e+00
1.118331514930411785e+01
1.185214116802417195e+01
5.682171074047622561e+00
8.529612982555216050e+00
6.017820767561847362e+00
1.098825143136366478e+01
1.006981045709708944e+01
1.884315841507336131e+01
9.365032361856387766e+00
6.414959714971080196e+00
9.793632760846644913e+00
8.834925688738064053e+00
1.084891344624968212e+01
1.108070741534049830e+01
9.016391080958010562e+00
6.741546311660863822e+00
1.188139644670397743e+01
9.606060807303046900e+00
